50.14748081771074
42.84131188005175
58.93859503364044
48.20457719441183
22.083378315789254
44.01744371961033
36.498028694718336
62.14883654360257
52.322536762763676
68.98692741219426
59.51789087540373
42.36921969462485
36.33980752738273
38.15749605251921
69.40998851191057
59.63848542263533
51.285489432956545
47.44538031848343
53.375623425202875
30.646395264287726
40.3403127219404
51.190594866293374
67.70522658095685
40.6319671752167
56.554750789279545
72.34943642516481
31.61782608989359
49.36216795958861
47.81270139907757
56.44649524865692
36.90258352385291
57.772292775774936
54.96827664074935
31.55382501714523
51.9222502845251
33.85541324123582
36.204034997656635
44.59556775406118
28.561671475378866
54.95078303053126
40.92147741625674
59.93295755882499
55.745094577303504
52.97175519030014
45.544861698298284
40.074442830946694
32.96587850923556
67.74585646022828
59.848211622563724
33.04924310573976
45.47261484037965
42.356799421519185
59.66856199769051
48.75956656771667
40.27053752566164
55.54648189779938
56.38684114462071
69.37564317589845
48.675650954231934
45.33341115240758
45.38978269885254
40.488234579207905
59.333016363156254
50.05240930416183
42.209346768208306
52.749216652532894
47.842817060000044
36.76469565585698
30.737535937285724
56.82269036290654
38.09843880757688
25.04116490805665
46.291286711021336
67.38955053837105
49.84166040840689
28.95072236660136
59.11019410467725
50.439758411848125
49.14704620007288
50.22482276734848
41.67561906615856
59.6042197239907
57.521729990008346
42.81086592603736
55.199487118640725
51.01328784767034
47.63178104719481
47.017842306473874
56.812071788599816
42.28547991330479
63.34557649490672
46.16294912788456
69.69853483204504
68.09856304498027
47.49936950462639
55.19497601608317
42.219260921457526
58.61933629137269
57.957753512146944
51.14463030618479
38.85344671126591
36.328890677583615
53.08861868674695
52.44018371860292
52.88029737839568
69.3077972810165
45.34070961590355
46.37518212024679
54.55805453197378
54.88000684547741
56.77157526748153
59.47296698651647
49.83209454701704
44.82967965377529
10.932510482977646
38.06126299356121
71.61715806540928
41.61706667642317
51.28111844285253
56.52850937494989
37.908301635885685
58.22245832094931
42.99566705256245
36.122713310753795
57.04364144066257
27.13123328789234
45.549406081220035
66.76233676596571
39.2457180375158
54.00520223390759
36.497945837722945
44.12330792647977
50.795640813144814
38.58789366241279
52.95869290841375
48.99567041673448
46.62544589988473
61.361397606383136
54.55931569751969
55.86715595516171
49.221579578746656
59.68390220314423
44.3769605927223
49.83080406225796
57.662895522378086
36.96455945751108
50.19719813503662
45.806433141457525
46.53565545970925
46.63626077267333
21.130872187569466
41.22883097301526
53.19103836779547
51.05979297023725
31.643395919930143
65.8959108377386
49.933991003302346
51.738966386764105
74.35940660148545
74.64541921885959
69.02482248085494
29.99319752106731
36.95069887742571
41.00726149655658
56.946225482428915
48.05665498591863
60.47724639504507
35.34611195637034
38.971765607725345
37.56240272078515
50.95820381526088
55.39707143423566
26.281586648015338
54.54920991626713
41.21693249272174
48.315733786897695
52.125751941399784
25.244159040108908
67.34076048890756
39.324424869885476
62.65275886636045
49.42253408265851
58.08854204988337
57.32093103824921
40.337021465681495
10.654643676619346
55.23157793207236
48.25546577958528
47.64863329436165
62.569444890187846
57.35270305796016
44.0483878884723
51.14678280093978
53.64639458586952
66.58901929821923
62.40940877684051
50.31893697261802
41.086030440314495
36.898821353820196
59.14331067889532
51.293575306934024
43.9667822199297
57.77859378537516
64.40501744856017
45.63248676855545
52.8670582126881
46.87213001808384
60.76026381729648
45.529976386767146
44.622422735138464
42.85589390557783
42.37372470667486
30.443328773201756
42.96915641641506
32.58972535258596
48.67639844407449
49.099349099325025
49.72551864816769
16.73674016026164
62.182018975742956
39.693447470268026
62.1637772472786
53.2221238731581
64.32967871575931
35.26421603889092
48.21589818121107
37.45245289642755
69.41482265925042
68.65323879751675
52.89739496884616
45.88078666806404
45.90126628369686
59.4010652439185
62.78920357559467
56.42274523910557
59.140546837392634
59.00892214922189
46.821420403915646
44.72804051708966
34.47009691623211
60.00484509960268
40.34781592303634
39.929732128401376
49.759079357470895
51.9751126959858
51.06486767713351
41.81854312626341
58.807821879266804
47.6946674292814
61.918887802188685
44.57742544184417
50.5738921201376
55.65773869368449
50.30065400791725
63.65037107488866
49.8215496235848
51.103218521186136
51.208888028942894
57.07957256132937
68.89247137429075
35.42454188898296
10.023924569735001
53.20439815579184
45.436005462458816
50.95372733678242
50.92740701845145
46.985439168579155
65.15229607437072
36.26370918127736
32.170761205234015
55.08420404954071
41.130633429417145
31.956797626859416
67.40607188717145
41.94176011735082
39.423641704268356
57.05696063132035
51.828889784638925
38.03911503277007
48.789703276480566
33.992946829154576
35.876678873244394
52.644345729893516
40.359201117332276
51.1158791051044
48.99681738490108
45.200341041572976
48.68678978559036
53.07085761523483
53.32525345595639
54.28817107751004
56.61578869847067
42.7811023430816
54.804228473278826
45.96099877767445
66.828511500738
33.50690846100362
43.87163902341493
39.52795400149654
59.06250876347097
54.395553328372046
47.65536142871405
37.4395407630482
66.30889506202563
37.907391610372784
44.36177062047162
35.538939269063775
54.569908202075815
42.94135815444108
62.59821855335666
35.655753616262544
56.53739181997629
43.44994791955182
59.60075271540475
44.77256596377981
61.4143016767364
37.448920903120595
52.30304740389791
59.02785253553442
30.193319813442734
43.978760257579815
60.068827318523006
47.863965086038654
22.461195332359697
34.341552434792376
60.06040238546259
61.181835123010174
68.4703542469186
44.56851326348481
65.871956036088
53.00695398081452
63.228483517371714
54.04423076376236
35.11877853796334
49.58608850283674
37.53396055698653
43.75823113646353
57.01565717070276
48.6437561491526
69.77477041553168
55.91013556100892
54.071170663501384
58.54445261360759
10.675045626199683
63.745388274614776
58.043198177692844
40.29752672457134
27.235044073262124
38.927126625335276
54.02182449148566
57.15478536494675
44.88013853791926
46.43083914805567
50.988836970003284
44.358018031630024
44.67526840598255
68.03413205246729
52.325297842666906
61.99910475826571
34.68615905654897
55.12772719130283
40.49854346220576
37.715548830007904
48.63180575720972
54.24110476219687
42.620717620627204
62.45226048852013
66.31568196016141
50.480523965638305
38.67527564257414
50.34218299386439
56.546719182089646
60.96524971201298
75.55667206307481
41.99208285681845
46.49066966679294
53.137972028934826
22.92251967306673
10.992694493491195
46.77387211299619
35.007669232568354
57.645903064980196
51.33345314244195
51.47485123391414
42.419245277471866
51.65929349031069
41.111199571484285
65.77697780040532
67.28468106736027
35.32451792720617
45.03053331700737
61.03525590065696
58.609329733961005
44.58203199809477
47.04763859927329
35.34619407503206
51.711626991336296
54.17416615482604
57.905820116887135
46.70524248557114
44.09741024200507
47.680264978070014
49.168666388400744
47.81910777527502
41.52757829216849
30.86710628221952
75.4681470596216
39.737645190802624
47.49016199157024
67.02012894020632
50.44999779816522
43.43454282437492
50.763167039293606
44.17296794547869
37.621022776256765
44.892300418994054
50.43529740551633
42.953138259447954
29.313191899923176
47.0433489120465
49.14882108619771
48.36880842024261
61.10298561779484
46.172185510359014
46.985301296723705
50.38153732647199
48.56710248642753
33.18832915626257
44.66623565969459
40.55116282835721
58.10764424406228
37.962841612277025
52.8142609109683
58.594866972037536
48.14522423005218
48.652606831823135
59.49223257988716
53.825328994897696
40.399220481642104
51.123982426854795
49.640927668826045
39.87095928782651
32.832591871942654
33.65809790725332
51.97667204991195
35.44820317929624
44.342176884300414
66.34615278323052
40.234939199568
64.61283884331289
39.13429877059789
49.91677715307382
43.03503401554582
50.55871510550993
41.9285020810859
20.458258104432513
66.81014158967608
66.25953216419204
42.6069267646891
71.77153481186495
60.25329894134343
57.284313186815304
45.525918089691864
61.211509821997815
36.874263984523104
26.725938770667547
10.25731476563278
45.13133167212553
36.67126497115247
53.46234076502572
61.5553571066463
66.69163069524194
59.335165606552465
61.15289251367982
42.400667560146836
52.42448953860834
41.170834471717
72.08880957763034
37.16389218111502
46.18208669300398
52.46412272252705
48.329677866187325
49.027090679303704
60.84469610567182
48.18314681099053
35.63160099649207
50.88794233410026
45.25585773698596
54.351740135333344
46.6899736318904
51.06720374070051
53.46542744879506
66.28460750032117
35.72909884084358
37.56933078277507
61.20100029101882
34.59747396396375
68.97949374557311
47.91336958553551
35.213412286402
41.4284392289851
59.956938301565515
46.02407331325015
40.73032008415393
49.79820801778789
51.315106341926615
38.50273976621601
44.217703165790994
50.60941767859305
46.20050582167198
47.52098687404687
61.65783848807759
44.640883553625976
48.835361539040306
46.297704281014134
46.23042411799009
56.73901110187427
41.16107512252228
76.03534705853453
58.152037782564896
45.79315985582072
69.6338453380362
51.18486451506463
67.42104525975759
66.62489662298574
56.80540129381208
10.635935330790394
44.04098702311076
60.293548091028235
58.476265305200066
39.88979544827385
50.63364594537424
49.78921261732644
42.6654774513524
38.85685931491337
64.54737240412497
54.27210839379427
47.30550947021693
36.17189028615913
59.81447801008835
43.098365307368184
42.61799727645181
39.950924770978716
53.34546712715582
66.21131651721612
43.65497182544611
51.848300255614916
54.995182870583946
33.15656625959337
54.04470876625633
58.41609264593039
44.467127597798125
55.03649843477835
39.39108615850311
18.354431686048954
48.24274504862516
63.85162571956624
10.159013918878024
35.74960061582939
69.98556304403472
47.92582100134144
59.338212384212355
56.195359805941436
56.86252271052423
42.24693016805574
53.408678795814815
62.04922410591338
47.90146107907597
42.5056656367712
48.85784330842636
48.86891601686672
39.82022837770382
41.463247532437734
37.75307195720653
50.309979525907394
64.97563819485416
58.70905287259549
49.72338048080844
45.99367082156962
54.02572418927238
59.06455903905663
44.5037622283699
52.43526171686217
54.197687059640344
54.848449130273835
60.53402150858781
51.9526913909585
55.34456583429356
27.9805438541657
44.06692698133326
61.11514546969656
47.620767594977444
50.027223388449414
55.00418540546554
69.29068438255621
54.17857504116768
52.52634668625156
45.59024061851841
66.66877066392482
43.67160859885567
41.595671338941955
61.66894884896675
40.88035199917974
50.21127469455935
56.44080725420733
56.93132391588093
41.75594739324732
30.37643215966279
41.040307625086214
45.546293250101996
49.16754091922718
42.72889037160177
40.78687306756356
54.34952507020705
43.734927642809595
26.828146259988177
29.002953397627586
69.23180088463447
51.294902305513325
45.851483544788884
52.451103873561856
56.56583909145767
53.44063586961739
56.52757794937551
31.523061264964774
51.32241274085865
49.66653210407339
61.93992869418323
54.178745054468294
50.63768124454703
61.29302817320702
54.8289545498953
61.1612950868305
49.13247447489761
49.56347892677031
43.959341912728775
43.01809812579208
39.07649011657575
45.27061469734084
39.845920329777165
40.38348539517824
68.27007991940044
54.14838348461243
64.48953340394324
56.56429295701723
51.03515166020211
31.302796014479917
41.694826979018245
72.00459743293342
52.84741459868263
42.94466324595368
55.087837606549385
64.1410487353451
67.44505542633526
34.56338683132214
53.63221427820969
45.161584748971045
38.060093152954636
33.31876133934479
70.81825075922117
46.69375929616858
60.10671273324096
39.485155393979426
49.02318096651251
51.20139550361727
66.29465948913605
50.32111568235884
58.33239722985874
52.238382424569195
48.14197907823078
55.048305901607975
61.77600275798982
58.832643207385416
61.78170282528121
38.30829027933359
40.25595706985828
59.7250819910487
43.57451412378427
44.03702836569516
60.86732057451914
45.071981158702314
32.566824744491974
56.59399599600042
29.03316885953041
61.354152481889884
70.3149181290319
68.1972286277655
47.719901737038484
49.46444379285426
45.85424429723038
38.34511558087133
51.883064313823795
39.014878206192364
54.1095680113846
60.89475739418416
40.604300805956214
54.80118003146032
36.52347568550124
52.229034893618234
48.9276921040757
40.34990580786681
49.97737732696681
35.702313258652225
52.416364053009794
63.18823562038332
33.10138817604787
41.65006387896162
58.096708437085255
52.57066987475568
35.472264738945576
35.53082622142221
44.056486647672656
50.44757207509703
28.68790175744625
53.13914757189724
35.75345394724252
47.59233463854307
57.322610108664165
46.51169601232797
58.13273014559443
52.07938068878423
52.677247379602015
53.17319080102857
43.82723810420306
46.320779799386614
54.319570182448224
59.036430228169465
50.98261658080672
62.6371432824618
49.97948859863866
56.24814858162122
55.20550253059973
58.10373946067358
55.33500173861802
59.169308191464225
42.17375705938666
32.462868100361774
53.3667425491
43.12343367913237
48.635111553696426
49.348857869429295
43.292746097738664
37.52489691861288
61.937801361678595
64.67237151960435
45.45695101256228
65.46366010395354
43.153473234112866
21.20143788300282
68.0861694300948
53.816079433887396
34.436347617974995
44.65836750868195
46.87318489380605
50.67924755617262
51.44857225429227
65.08293891926049
38.32156391578185
51.60113879055488
41.61744564240288
62.890028521782966
35.514828161307896
74.62989607881653
62.19976429434698
34.64854845750561
54.20371428945151
56.19949649237559
48.06498336822891
51.89902249380409
66.09397025133241
53.48678999610431
44.02625852672501
44.27495494016299
64.77518517922151
37.1352606198877
35.03727613817986
55.73291197312802
36.37820037609479
54.048560523541994
58.823641569819
49.34503481554058
42.05872465163151
52.62518729258702
60.025080636874875
36.01713091849521
62.675379708272125
41.50895536150132
47.310249709856926
50.34503517212276
10.144955781769625
66.58275649190898
53.16410861946462
62.828282408403744
46.085037577093495
37.36611692248273
59.86263222381632
39.840742423242176
70.64053197971113
43.1738862905037
39.19748606159464
35.10266172350705
60.964219045127706
59.17805747720072
53.473179527919896
51.34349594990003
44.16907997492412
36.41070948345397
50.50973365715415
48.75850466867681
61.06899514030471
38.42723944749868
40.97929682876807
28.764800724119848
45.34753595741255
44.066038566302026
43.0925475768882
70.72590686915956
43.959773414837954
54.344655301294
49.737496949098514
56.440661283779974
37.32754337123717
42.87946600896966
58.039916014336114
62.971474732499
37.59428581451961
56.671640652398075
56.12789358443441
43.73492851833777
69.10541280884784
59.63690145686444
47.441636881154025
41.8602205498549
45.10971329366777
38.14061481083656
44.37573361082139
55.77521175873757
51.05705169832516
45.35571319252977
54.375059890822136
62.409053771157126
66.21512913364744
76.38333001991067
65.10078666351558
48.018350880174644
60.568122763757344
57.78908950678184
43.26010053291989
58.42967890525844
47.97665687478698
64.21160986588549
46.506901112796015
56.745033815789704
49.65542169242588
36.05462387859857
38.47038970489301
36.9932830857467
56.237214978212734
51.520658854511645
56.97142408768768
49.77982200809835
48.23765729592031
43.63109667022087
47.19315934362625
61.099322871111006
47.429858765532046
46.50899118445094
39.19338745959907
53.89727426231207
44.7652502470043
39.65148377219986
60.66279008237194
54.25315563859197
52.78280146664842
41.068900789059796
53.683735419268416
65.92003480136255
49.21000761088124
37.47786742755512
47.897474435862534
55.29526237505076
33.97895875015965
54.236717783050196
62.17957452900224
31.752798897610866
42.923378777066745
61.000745824197836
40.878275563308804
34.224486182125816
54.474009348642035
55.52035034931391
10.906887760276199
38.622204546109955
35.75961037089054
55.38161721463078
55.038121641673996
47.808808196952725
37.437234058969025
49.805240205523766
67.51110497632901
52.67585490517418
44.423203127139445
36.92656116951028
62.46473394247277
55.9136927833579
48.825550276621556
65.61314271605153
56.98788053299271
44.853263846230305
50.79262188105814
33.669359421148386
60.727106374917845
34.40514347811052
47.72391655593677
43.858637535234
59.19224718591081
52.84704893781637
46.80969117213941
45.06844423421168
38.24132149484658
51.92561297546534
53.29485791722405
61.42487690585453
48.39248998753145
52.71968821694385
46.41099827973061
58.50983168123378
38.46277905429304
65.4796165457599
60.67431946528604
52.199632353499815
37.28336535108086
41.445392362831896
43.99343809175924
52.78475741785727
47.63801827498244
61.20803513758348
58.009296807177336
48.40994886837917
42.782909243268904
46.24190056021645
46.08954724565875
51.74971537313216
50.141068102807566
52.54319195928027
54.85379742785128
60.73281641366334
52.37839397012903
46.684449267170045
35.206574640685176
42.29076775227561
57.81950960197101
59.00564987271766
42.78000394810293
61.924343093076395
41.68438794935541
56.00759592052161
61.42002389423359
42.69140403016846
47.2687038013981
68.41288983065407
54.55281931784043
37.73435999871078
55.75336243216596
37.815241305393755
46.05127940395236
43.29783825390096
51.110922981722155
73.07128993867275
51.272755781550934
34.23977427101086
23.280790943281758
39.98117178585356
47.23981886768519
50.49046655453159
49.310675690978165
49.12820770112243
34.2463891332027
52.792695052826566
59.86373837522765
53.84653378344307
53.27023253366774
36.22906732231693
60.33866626070286
62.19482859107477
50.7922565026816
51.325785813772995
41.00400022780688
37.67595430458635
51.176392400796686
42.06933175510197
55.55647891731571
42.117326310339855
41.87502593358192
47.04214520056179
41.471033337746206
35.972874161240156
43.505517785879405
51.41969084591898
37.70969140333257
