242
237
224
220
217
217
212
211
210
208
207
205
205
205
204
199
198
193
180
179
179
173
171
170
168
156
154
147
146
144
266
259
255
247
245
240
239
237
234
232
231
230
227
222
222
217
216
216
216
210
209
209
208
206
206
201
199
199
199
198
195
194
189
184
182
177
176
172
170
170
163
157
150
146
263
253
252
250
243
241
241
239
236
236
234
233
233
233
232
232
229
229
228
226
225
224
223
223
221
220
220
218
216
214
214
214
212
212
211
210
208
208
207
207
206
205
205
204
200
199
198
198
198
196
196
196
195
195
191
191
190
189
186
186
185
184
183
183
182
180
180
180
177
177
177
171
164
164
159
158
157
150
145
140
287
277
274
273
271
270
270
267
266
264
262
260
259
258
257
256
254
254
253
251
250
247
246
244
244
243
241
240
240
235
233
233
230
228
227
226
226
225
225
225
224
223
223
222
219
218
217
217
217
217
215
213
213
212
212
211
210
210
207
207
204
204
204
204
203
201
201
198
197
195
194
192
190
189
189
188
187
187
186
185
183
182
182
181
180
176
174
172
172
171
168
164
164
164
164
161
157
148
147
146
144
142
267
234
229
221
220
220
219
216
216
216
215
215
215
211
209
208
207
206
205
204
202
202
201
199
197
194
193
192
183
181
178
177
174
171
169
169
167
269
256
253
250
250
249
242
239
239
239
239
237
235
234
232
232
226
226
226
225
224
224
223
220
219
216
215
214
214
213
211
210
209
209
208
206
205
204
203
203
203
202
199
199
197
190
189
187
184
183
180
175
162
157
144
248
247
242
237
235
232
228
225
223
223
222
219
218
217
213
211
210
209
208
206
205
204
204
203
202
202
200
199
198
195
195
194
194
193
192
191
190
189
189
188
178
175
174
172
167
163
162
144
270
249
247
241
241
231
230
228
224
223
223
222
220
219
219
214
214
213
213
213
213
209
205
204
203
201
201
200
200
199
198
198
197
196
195
194
194
194
192
192
189
189
189
188
186
186
186
185
183
181
181
179
179
178
178
178
177
177
176
176
175
174
174
174
172
171
169
169
168
168
167
167
166
165
164
162
161
161
158
156
156
155
154
154
154
154
152
140
242
233
214
209
208
205
202
200
196
192
192
191
189
173
165
158
153
227
204
200
190
190
184
183
183
178
174
173
170
168
166
164
164
164
158
158
154
153
147
137
266
265
247
241
231
222
220
215
213
213
199
198
195
194
194
191
177
169
168
167
143
236
227
223
222
219
219
213
212
211
206
204
184
180
176
175
174
173
172
170
167
162
149
141
271
241
220
215
214
212
212
211
206
205
199
196
192
192
190
188
186
186
161
251
219
213
209
209
208
203
198
186
180
180
178
176
176
175
170
166
161
151
148
247
237
236
235
232
231
228
228
221
218
217
212
211
211
209
208
200
199
195
192
185
184
181
175
174
174
172
171
170
170
165
162
160
160
145
141
138
273
272
253
250
245
243
235
234
234
232
230
227
226
226
225
223
222
219
218
216
215
207
204
203
201
201
200
198
197
197
196
190
190
189
188
182
182
181
172
171
170
159
152
